fmah_hall.mp3.wav
2
142699.260000000016
15746.176075998432
531
4
6
8
5
12
4
16
203
18
8
20
8
22
16
23
16
24
75
26
8
28
8
30
16
31
16
32
69
38
18
39
16
40
71
44
68
48
139
50
8
52
16
53
16
54
80
56
11
58
8
60
16
61
16
62
80
64
135
68
4
72
9
74
8
76
16
77
16
78
80
80
7
84
4
88
9
90
8
92
16
93
16
94
80
96
7
100
4
104
9
106
8
108
16
109
16
110
80
112
135
116
132
120
137
122
8
124
16
125
16
126
227
128
32
130
16
131
16
132
80
134
35
136
32
138
16
139
16
140
80
142
35
144
32
146
16
147
16
148
80
150
35
152
32
154
16
155
16
156
80
158
135
162
4
166
9
167
128
168
8
169
128
170
8
171
128
172
8
173
192
178
7
182
4
186
9
188
8
190
16
191
16
192
208
194
135
198
4
202
9
204
8
206
16
207
16
208
80
210
7
214
4
218
9
220
8
222
8
224
16
225
16
226
197
230
6
234
17
235
16
236
80
238
34
239
32
240
96
242
139
244
8
246
16
247
16
248
80
250
11
252
8
254
16
255
16
256
80
258
135
262
132
266
9
268
8
270
16
271
16
272
227
274
32
276
16
277
16
278
80
280
35
282
32
284
16
285
16
286
80
288
35
290
32
293
16
294
80
296
35
298
32
300
16
302
80
304
139
306
8
308
8
310
72
312
35
314
32
316
16
317
16
318
80
320
7
324
4
328
199
332
132
336
137
338
136
342
200
344
135
348
132
352
137
354
136
356
200
360
7
364
4
368
9
370
8
372
16
373
16
374
80
376
135
380
4
384
9
386
8
388
16
389
16
390
80
392
11
394
8
396
16
397
16
398
72
400
11
402
8
404
8
406
16
407
16
408
197
412
6
416
17
417
16
418
80
420
34
421
32
422
96
424
135
428
196
432
11
434
8
436
16
437
16
438
80
440
135
444
68
448
11
450
8
452
8
454
8
456
192
460
6
464
4
468
8
470
8
472
16
473
16
474
16
476
227
478
32
480
32
482
16
483
16
484
227
486
32
488
32
490
16
491
16
492
227
494
32
496
32
498
16
499
16
500
227
502
16
503
16
504
32
508
196
-1
8395415.024537062400
8919.020203770139
11
0
35
1
32
2
96
4
18
5
16
6
208
-1
